914b89b9-7186-4fe5-9c40-ed9b4f79fe20;SINGU_REACTOR;13;6;2;2;0;15000;0;0;46;0;1;
b2dd89d0-9bee-424e-9441-b89a0ec52f26;SINGU_BAT;13;3;2;1;0;1500;0;0;0;0;
6fe986ac-a61c-481c-ae3d-1ad2f4cba41f;SINGU_BAT;4;7;1;2;0;1500;0;0;0;0;
887f5d00-ee5d-4f6a-9e66-4645dd91c126;SINGU_O2;19;8;1;2;0;8000;0;0;24;0;1;
0ea7b9f5-d4bd-4073-8f51-151a5d71f7e9;SINGU_O2;2;10;2;1;0;8000;0;0;8;0;1;
9f11c1e3-072c-44b8-a387-907bf641616b;SINGU_SENSORS;15;4;2;1;0;4000;0;0;3;1;1;
31164761-9d7c-4629-b25e-d97b023b5b0c;DOOR_CONTROL2;14;14;2;1;0;2000;0;0;3;1;1;
a43d6bd0-4d60-41d4-a53e-d526d9b3f735;TELEPORT2;10;9;2;1;0;1000;0;0;1;0;1;
5377ea3d-fe46-4efe-b554-6724cd4e9777;SPS_SHOP;7;12;2;1;0;10000;0;0;2;1;100;PSTATION3:PSTATION4:;
b20b040b-f7d2-45c8-b3af-87f7210c98ca;DPL_SHOP;18;14;2;1;0;10000;0;0;3;1;100;DPL:DPL2:DPL3:;
0cc603a2-6a34-461f-8739-a6fc91cb6577;SS_SHOP;10;8;2;1;0;10000;0;0;1;1;0;START_INT1:START_INT2:START_LS1:START_LS2:;
de1728b1-b89a-4bc9-a209-17a5a5803457;SINGU_MED;14;8;2;2;0;10000;0;0;57;0;
98175a1e-a8e7-43d3-aca6-9faee88ec05e;Heavy_Dual_flamer2;12;8;2;2;0;1500;0;0;58;0;0.0;0.0;0.0;0;
9f131bbe-2b3c-49c7-8657-085f31308db7;Heavy_Dual_laser2;2;6;2;2;0;1700;0;0;38;0;0.0;0.0;0.0;0;
65d57a99-893a-42ab-8c9b-1db33df5f9a4;Pierce_laser1;16;14;2;2;0;1300;0;0;45;0;0.0;0.0;0.0;0;
6ad2a577-d31b-4d67-91c8-fe5a816050d7;Basic_laser2;3;13;2;2;0;1000;0;0;57;0;0.0;0.0;0.0;0;
b64b572f-f023-409d-b5c1-2a563e93c690;Basic_laser5;9;2;2;2;0;1600;0;0;45;0;0.0;0.0;0.0;0;
51b8802a-d54c-47bc-b337-dae943154d8f;Railgun1;13;12;2;2;0;1000;0;0;46;0;0.0;0.0;0.0;0;
4795a1a3-a8a3-4a07-8421-9b6faef290a7;Dual_emp1;7;13;2;2;0;900;0;0;48;0;0.0;0.0;0.0;0;
d0dcd8a5-24b4-4ef8-b5b4-46a5b716fd4c;Dual_laser3;20;8;2;2;0;1200;0;0;37;0;0.0;0.0;0.0;0;
9d3732a1-b5a2-454c-a8fb-129c34b2b3e6;Triple_laser1;12;4;2;2;0;1500;0;0;46;0;0.0;0.0;0.0;0;
4199c5d6-f098-4ee6-b075-30e8ba0d05a7;SINGU_SHIELDS;5;7;2;2;0;4000;0;0;45;0;1;
a39a2bbe-0800-4162-96fb-d767b8037a76;SINGU_MED2;18;7;1;2;0;6000;0;0;32;0;
a1832a07-1344-4a55-9368-4e1e782b584b;SINGU_MED2;3;11;1;2;0;4000;0;0;19;0;
7c61bb42-3193-4f5e-aeff-c373a43d2ae9;SINGU_O2;4;5;1;2;0;8000;0;0;20;0;1;
5f5c40e5-e85d-41b9-b7d4-5d608d76d618;TELEPORT2;5;14;2;1;0;1000;0;0;1;0;1;
1a482857-37df-4616-b707-8939fe57552f;TELEPORT2;16;8;2;1;0;1000;0;0;1;0;1;