85db2fb7-2d1a-46e6-8cdc-c305e0f48e12;PILOTING1;12;7;2;1;0;5000;0;0;5;1;
5209e105-4ea1-414c-a970-f5fb4dd07204;Basic_laser1;5;11;2;2;0;800;0;0;40;0;0.0;0.0;0.0;0;
aa336f89-ac70-4a76-951d-7eee9f266b2f;Basic_laser1;5;2;2;2;0;800;0;0;38;0;0.0;0.0;0.0;0;
be0e74ae-789e-4055-a1b1-9b407943b9fa;Basic_ML1;10;2;2;2;0;800;0;0;38;0;0.0;0.0;0.0;0;
6f596b3a-5c7d-481e-b561-0cd94d8cf155;Basic_ML1;10;11;2;2;0;800;0;0;40;0;0.0;0.0;0.0;0;
c2e12708-add4-49eb-b096-edfdd8103473;MODULAR_BASIC_SHIELDS;4;5;2;2;0;1000;0;0;47;0;1;
48d3cca1-c36b-46fa-8c22-5219fd7f7c67;FISSION_REACTOR;11;8;2;2;0;3000;0;0;44;0;1;
0902744e-2938-46f2-8dff-d312fb3c60c9;CAPACITOR1;7;5;2;1;0;2000;0;0;0;0;
8f0e9190-e00f-43f3-9420-46fd9e64d49c;OXYGEN1;7;9;2;1;0;1000;0;0;1;0;1;
14afb6c3-70c3-44cb-9186-94fd129de08d;SENSORS1;10;4;2;1;0;1000;0;0;4;1;1;
1d4af6c8-e7b8-47cc-a5b7-ac5e52ffa399;DOOR_CONTROL1;10;10;2;1;0;1000;0;0;4;1;1;
e2194d90-b798-4e2a-b357-2b183e87f2fe;HYPERDRIVE1;4;8;2;2;0;1000;0;0;47;0;1;
bb5d0148-d981-473e-ba7e-3ba225ba9d76;ENGINES1;5;7;2;1;0;1000;0;0;5;1;1;
