cd03fae2-4009-49b2-b74d-f4d0a8e64bed;PILOTING1;14;4;1;2;0;5000;0;0;26;1;
afa2fc28-182e-470a-9c34-668a1d76e331;Basic_ML1;9;4;2;2;0;800;0;0;58;0;0.0;0.0;0.0;0;
361d9809-623e-4045-b34d-9044f624a20f;Basic_laser1;7;3;2;2;0;800;0;0;45;0;0.0;0.0;0.0;0;
dab713ef-af99-4a62-8803-4dbc5d5c32ec;Basic_laser1;7;5;2;2;0;800;0;0;45;0;0.0;0.0;0.0;0;
ed1b5943-08da-4bd6-bd98-59f8c3283387;MODULAR_BASIC_SHIELDS;4;4;2;2;0;1000;0;0;68;0;1;
fd37b81d-dda7-4998-9eec-8ec1885a3ad8;REACTOR1;11;4;2;2;0;3000;0;0;57;0;1;
db70bc11-f348-43ce-bed6-83857ba4a416;HYPERDRIVE1;2;4;2;2;0;1000;0;0;45;0;1;
3422a17f-a58d-4043-9950-14644c67eec6;SENSORS1;13;4;1;2;0;1000;0;0;26;1;1;
19f850ef-49fb-42b5-9ac1-fa4a58c64c32;OXYGEN1;10;6;2;1;0;1000;0;0;3;0;1;
72c150ac-1a6a-4dba-966e-871c1e561806;ENGINES1;2;7;2;1;0;1000;0;0;1;1;1;
