301d9789-b781-43db-bb47-7774d0e835a2;PILOTING1;13;7;2;1;0;5000;0;0;5;1;
1c33fb94-7e24-4949-9ece-29aaa4452b2c;MODULAR_BASIC_SHIELDS;6;5;2;2;0;1000;0;0;40;0;1;
5750408c-25b0-479b-b1bc-30eb2ebaee94;FISSION_REACTOR;6;8;2;2;0;3000;0;0;38;0;1;
baec7791-1253-4f41-a4d6-4740bc534723;Basic_laser1;11;4;2;2;0;800;0;0;38;0;0.0;0.0;0.0;0;
a02eed64-b69d-430f-aac4-93a6b6cfc4c3;Basic_laser1;11;9;2;2;0;800;0;0;40;0;0.0;0.0;0.0;0;
9fb8cbd8-a65e-4b66-a764-83ebcbaaee05;Basic_ML1;6;2;2;2;0;800;0;0;58;0;0.0;0.0;0.0;0;
e622fa9e-a0f8-46c5-95f4-7c001a40ccd9;Basic_ML1;6;11;2;2;0;800;0;0;58;0;0.0;0.0;0.0;0;
a624f7e5-811d-4199-8142-7adab90b9c02;CAPACITOR1;7;4;2;1;0;2000;0;0;0;0;
0abe8f44-0d1f-4532-bac8-2d7c19845ba7;OXYGEN1;7;10;2;1;0;1000;0;0;14;0;1;
3e57d8ef-d8cb-4f77-b054-090d4bf77358;SENSORS1;10;2;1;2;0;1000;0;0;19;1;1;
91b1c1e1-6c4c-4237-b494-43170e4d14af;DOOR_CONTROL1;10;11;1;2;0;1000;0;0;19;1;1;
5c64f98b-3e7c-4071-aab5-9df5ae14d77d;HYPERDRIVE1;3;5;2;2;0;1000;0;0;38;0;1;
3d796860-e22e-4f7a-82d9-9744b0284570;ENGINES1;4;7;2;1;0;1000;0;0;4;1;1;
