2d98f7d8-f34d-4491-a2a5-ffa4a7344055;SINGU_SHIELDS;13;10;2;2;0;4000;0;0;46;0;1;
303dfbbe-8c48-4ece-8343-c50dca835099;SINGU_SHIELDS;5;7;2;2;0;4000;0;0;45;0;1;
914b89b9-7186-4fe5-9c40-ed9b4f79fe20;SINGU_REACTOR;13;6;2;2;0;15000;0;0;46;0;1;
b2dd89d0-9bee-424e-9441-b89a0ec52f26;SINGU_BAT;13;3;2;1;0;1500;0;0;0;0;
6fe986ac-a61c-481c-ae3d-1ad2f4cba41f;SINGU_BAT;4;7;1;2;0;1500;0;0;0;0;
887f5d00-ee5d-4f6a-9e66-4645dd91c126;SINGU_O2;19;8;1;2;0;8000;0;0;24;0;1;
0ea7b9f5-d4bd-4073-8f51-151a5d71f7e9;SINGU_O2;2;10;2;1;0;8000;0;0;8;0;1;
9f11c1e3-072c-44b8-a387-907bf641616b;SINGU_SENSORS;15;4;2;1;0;4000;0;0;3;1;1;
9b767fbb-fee1-4dc6-9432-ff03bb82db75;SINGU_DOORS;14;14;2;1;0;5000;0;0;3;1;1;
a43d6bd0-4d60-41d4-a53e-d526d9b3f735;SINGU_TP;10;9;2;1;0;1000;0;0;1;0;1;
5377ea3d-fe46-4efe-b554-6724cd4e9777;BPS_SHOP;7;12;2;1;0;10000;0;0;2;1;100;PSTATION1:PSTATION2:;
b20b040b-f7d2-45c8-b3af-87f7210c98ca;DPL_SHOP;18;14;2;1;0;10000;0;0;3;1;100;DPL:DPL2:DPL3:;
aebc3018-7c65-4694-ace6-593499271e57;INF_MIS_SHOP;17;6;2;1;0;5000;0;0;7;1;8;100;
0cc603a2-6a34-461f-8739-a6fc91cb6577;SS_SHOP;10;8;2;1;0;10000;0;0;1;1;0;START_INT1:START_INT2:START_LS1:START_LS2:;
f32faa2c-b657-427d-8c94-435740b54ef7;SPS_SHOP;5;4;1;2;0;10000;0;0;25;1;100;PSTATION3:PSTATION4:;
d7e0b9db-14db-4fa1-b6de-e9011042aaf6;INF_DRONE_SHOP;7;3;2;1;0;5000;0;0;1;1;10;100;
de1728b1-b89a-4bc9-a209-17a5a5803457;SINGU_MED;14;8;2;2;0;10000;0;0;57;0;
d1bb6234-e7bc-41d4-ba99-98c20827340f;EMP_Cannon;7;9;2;1;0;3000;0;0;3;0;0.0;0.0;0.0;0;
716cb317-b6ed-4984-bae5-166f2761b62c;Railgun5;13;12;2;2;0;3000;0;0;46;0;0.0;0.0;0.0;0;
c15b0791-c5d1-40c6-9d08-c24419559495;Plasma_Cannon5;12;8;2;2;0;3000;0;0;58;0;0.0;0.0;0.0;0;
97cf2404-c67f-4d7d-b1e0-55c5850786d7;Quad_laser5;2;6;2;2;0;3200;0;0;38;0;0.0;0.0;0.0;0;
e81c8323-b54f-42c5-944b-7b816f7d8267;SINGU_PLAS;7;13;2;2;0;4000;0;0;48;0;0.0;0.0;0.0;0;
50fcf6dd-27ca-4f0b-b7b9-e7c6fbddea3d;GAT_LASER5;3;13;2;2;0;2100;0;0;57;0;0.0;0.0;0.0;0;
d3106f76-5366-44eb-9d2a-14261330e14f;EMP_BEAM5;20;8;2;2;0;2200;0;0;37;0;0.0;0.0;0.0;0;
19dc77ce-26b7-467b-bffb-7a984a6bcdb2;Pierce_laser5;16;14;2;2;0;2100;0;0;45;0;0.0;0.0;0.0;0;
99bc1c7b-1b16-4e04-b6a2-72a04450293b;EMPRailgun;12;4;2;2;0;2000;0;0;46;0;0.0;0.0;0.0;0;
1102db4b-0ba6-4128-aa53-eaa406d7effd;Triple_laser3;9;2;2;2;0;1900;0;0;45;0;0.0;0.0;0.0;0;
a1832a07-1344-4a55-9368-4e1e782b584b;SINGU_MED2;3;11;1;2;0;4000;0;0;19;0;
25b7fa40-8d2f-42bd-9523-529993abe2b0;SINGU_MED2;17;4;1;2;0;4000;0;0;21;0;
8acee3bc-299b-42b2-b31d-d81f608b8f8b;SINGU_MED2;6;3;1;2;0;6000;0;0;29;0;
a39a2bbe-0800-4162-96fb-d767b8037a76;SINGU_MED2;18;7;1;2;0;6000;0;0;32;0;
7c61bb42-3193-4f5e-aeff-c373a43d2ae9;SINGU_O2;4;5;1;2;0;8000;0;0;20;0;1;
3c824b67-0e97-4a7f-87e6-1a6711d55522;SINGU_O2;20;13;2;1;0;8000;0;0;3;0;1;
cc359555-68bf-4da0-bf68-0f33841e6558;SINGU_O2;9;8;1;2;0;8000;0;0;26;0;1;
5f5c40e5-e85d-41b9-b7d4-5d608d76d618;SINGU_TP;5;14;2;1;0;1000;0;0;1;0;1;
fb1bcea2-d2e1-4027-a3bb-d924e7f414cc;SINGU_TP;11;3;2;1;0;1000;0;0;2;0;1;
1a482857-37df-4616-b707-8939fe57552f;SINGU_TP;16;8;2;1;0;1000;0;0;1;0;1;